920.842 -1875.53 -1087.8 0.735902 -0.502979 -0.453278 104.993
920.842 -1875.53 -1087.8 -0.592537 -0.579198 -0.559848 104.993
389.09 -2681.13 -1181.31 0.890493 0.454996 -0.000990409 228.757
389.09 -2681.13 -1181.31 0.558705 0.224661 -0.798358 228.757
-294.486 2658.93 -511.857 0.926336 0.322805 0.19416 244.85
-294.486 2658.93 -511.857 -0.566275 -0.0645795 -0.821682 244.85
400.236 -2931.44 -673.426 -0.698401 0.651686 0.295875 107.868
400.236 -2931.44 -673.426 0.586789 -0.378722 0.715715 107.868
400.236 -2931.44 -673.426 -0.0167968 -0.0824524 0.996453 107.868
400.236 -2931.44 -673.426 -0.681942 0.601979 0.415424 107.868
-95.7877 2317.61 -1034.79 -0.707254 0.553294 -0.440064 713.088
-95.7877 2317.61 -1034.79 -0.285716 0.746658 -0.600723 713.088
-95.7877 2317.61 -1034.79 -0.448017 0.884764 -0.128348 713.088
-95.7877 2317.61 -1034.79 -0.770931 -0.636908 -0.00365358 713.088
-1024.69 -1961.59 -1195.54 -0.140584 0.206005 -0.9684 72.1024
-1024.69 -1961.59 -1195.54 0.833471 -0.346159 0.430697 72.1024
-1024.69 -1961.59 -1195.54 0.332141 0.478479 0.812859 72.1024
-1024.69 -1961.59 -1195.54 -0.285003 -0.27445 -0.918395 72.1024
1070.24 -1685.08 -1422.75 0.327949 -0.935444 -0.131889 206.638
1070.24 -1685.08 -1422.75 0.342778 -0.0874155 -0.93534 206.638
1070.24 -1685.08 -1422.75 0.845713 0.421975 0.326659 206.638
1070.24 -1685.08 -1422.75 -0.890244 0.389121 0.236749 206.638
1070.24 -1685.08 -1422.75 -0.468873 0.381091 0.796824 206.638
1070.24 -1685.08 -1422.75 0.770233 0.143823 0.621334 206.638
1070.24 -1685.08 -1422.75 0.508913 0.614426 0.6029 206.638
1067.71 -1552.95 -288.598 -0.710369 0.703468 -0.0225516 211.453
1067.71 -1552.95 -288.598 0.305462 0.0335346 0.951614 211.453
1067.71 -1552.95 -288.598 0.807327 -0.584302 -0.082548 211.453
1067.71 -1552.95 -288.598 -0.0597384 -0.664787 0.744641 211.453
1067.71 -1552.95 -288.598 0.577697 -0.315362 0.75287 211.453
1067.71 -1552.95 -288.598 0.956472 -0.176027 0.232758 211.453
1067.71 -1552.95 -288.598 0.125728 -0.113898 0.985505 211.453
1067.71 -1552.95 -288.598 -0.488079 0.484248 -0.726142 211.453
1067.71 -1552.95 -288.598 -0.710285 -0.638922 0.295423 211.453
-940.093 2451 -1228.75 0.447616 0.136457 -0.883753 132.583
-489.951 2006.69 1090.38 -0.769618 0.557532 -0.311202 2996.34
-489.951 2006.69 1090.38 -0.503148 -0.864199 -0.00173156 2996.34
-489.951 2006.69 1090.38 -0.200051 0.118848 0.972551 2996.34
-489.951 2006.69 1090.38 -0.262273 0.963269 0.0576756 2996.34
-489.951 2006.69 1090.38 -0.206274 0.621902 -0.75544 2996.34
-601.437 1562.04 -1769.27 -0.467848 -0.848114 0.248638 27.9385
-601.437 1562.04 -1769.27 0.942244 0.334553 -0.015851 27.9385
-601.437 1562.04 -1769.27 0.459181 0.88488 0.0783594 27.9385
-601.437 1562.04 -1769.27 0.489967 -0.587511 -0.64402 27.9385
911.98 1391.46 -568.056 0.197745 -0.956963 0.212412 608.763
-71.3386 -633.168 -879.959 -0.221562 0.900162 -0.374992 1877.7
-71.3386 -633.168 -879.959 -0.501239 -0.748889 0.433503 1877.7
-71.3386 -633.168 -879.959 -0.473726 -0.394551 -0.787346 1877.7
221.771 -1872.35 -1774.17 -0.563282 -0.017258 0.826084 10.5744
221.771 -1872.35 -1774.17 -0.291361 0.694053 -0.65833 10.5744
221.771 -1872.35 -1774.17 0.040632 0.9017 -0.430448 10.5744
221.771 -1872.35 -1774.17 -0.937027 -0.229836 0.262976 10.5744
-193.142 -2244.41 -597.007 0.428956 0.46823 0.772501 207.22
-193.142 -2244.41 -597.007 -0.256975 -0.114341 -0.95963 207.22
-193.142 -2244.41 -597.007 0.333784 0.845903 -0.415976 207.22
-193.142 -2244.41 -597.007 0.385644 -0.671873 -0.632349 207.22
-193.142 -2244.41 -597.007 0.310938 0.944733 -0.103909 207.22
-193.142 -2244.41 -597.007 0.0714033 -0.996181 -0.0502551 207.22
-504.232 -229.168 -1366.82 -0.0125256 -0.260258 0.965458 71.2584
-504.232 -229.168 -1366.82 0.531847 -0.808008 0.253498 71.2584
-1008.7 2470.39 811.274 0.0989926 0.535458 -0.83874 128.275
-1008.7 2470.39 811.274 -0.73337 0.446034 0.513052 128.275
-1008.7 2470.39 811.274 -0.962752 -0.0206499 0.269596 128.275
-1008.7 2470.39 811.274 0.924393 0.37464 -0.0717149 128.275
-1008.7 2470.39 811.274 0.129169 0.0689117 0.989225 128.275
-1008.7 2470.39 811.274 0.403869 0.0366012 0.914085 128.275
423.092 -1071.67 -1318.05 0.148112 -0.970463 0.190433 254.986
423.092 -1071.67 -1318.05 0.976448 -0.0681285 -0.204713 254.986
423.092 -1071.67 -1318.05 0.707497 0.222933 0.670633 254.986
423.092 -1071.67 -1318.05 -0.478559 -0.201277 0.854675 254.986
423.092 -1071.67 -1318.05 -0.157205 0.987402 0.0180126 254.986
423.092 -1071.67 -1318.05 0.428816 -0.219057 0.876431 254.986
423.092 -1071.67 -1318.05 0.809281 -0.226107 0.542162 254.986
423.092 -1071.67 -1318.05 0.607462 -0.198805 -0.769069 254.986
1030.45 2479.67 -1241.99 -0.49714 0.82563 0.266807 78.3341
1030.45 2479.67 -1241.99 0.762357 0.453839 -0.461348 78.3341
1030.45 2479.67 -1241.99 -0.101806 0.349561 0.931366 78.3341
1030.45 2479.67 -1241.99 -0.345369 -0.062934 0.936354 78.3341
1030.45 2479.67 -1241.99 -0.534163 0.81005 -0.241844 78.3341
887.419 2082.35 -1784.14 -0.556797 0.769938 -0.311726 13.5275
887.419 2082.35 -1784.14 0.200948 0.963184 -0.178594 13.5275
887.419 2082.35 -1784.14 0.833667 0.0915181 0.544632 13.5275
887.419 2082.35 -1784.14 -0.42274 0.483374 -0.766577 13.5275
887.419 2082.35 -1784.14 -0.640012 -0.241666 -0.729371 13.5275
887.419 2082.35 -1784.14 -0.355745 0.800971 -0.481551 13.5275
887.419 2082.35 -1784.14 0.651368 0.40314 -0.642805 13.5275
-561.296 1503.28 -1157.73 -0.788263 -0.601564 0.12947 746.279
-561.296 1503.28 -1157.73 -0.391139 0.313256 0.865379 746.279
-561.296 1503.28 -1157.73 0.485628 0.751052 0.447309 746.279
-371.933 -2604.09 -1041.44 -0.694184 -0.539912 0.476029 861.844
-371.933 -2604.09 -1041.44 -0.00163523 0.661875 -0.749613 861.844
-1051.19 -765.847 -51.333 -0.519172 0.0432719 -0.853574 101.28
-1051.19 -765.847 -51.333 0.167176 0.23701 -0.957016 101.28
-1051.19 -765.847 -51.333 0.504859 -0.672355 0.541346 101.28
-1051.19 -765.847 -51.333 -0.517951 -0.606436 0.603293 101.28
-1051.19 -765.847 -51.333 -0.989613 -0.0993618 0.103894 101.28
-1051.19 -765.847 -51.333 -0.273679 0.804779 -0.526716 101.28
-1051.19 -765.847 -51.333 0.730455 0.486573 0.479253 101.28
-21.9533 175.3 -1423.55 -0.738117 0.00231503 -0.674669 146.086
-21.9533 175.3 -1423.55 -0.798791 0.54491 0.254964 146.086
-21.9533 175.3 -1423.55 0.195886 0.0855031 -0.976892 146.086
-21.9533 175.3 -1423.55 0.33372 0.933929 -0.128096 146.086
-21.9533 175.3 -1423.55 0.930561 0.307844 0.198211 146.086
-21.9533 175.3 -1423.55 0.315843 -0.87048 0.377502 146.086
-21.9533 175.3 -1423.55 0.946067 -0.216277 0.24121 146.086
-21.9533 175.3 -1423.55 0.878829 0.470422 -0.0797684 146.086
-21.9533 175.3 -1423.55 0.5796 0.140155 0.802758 146.086
200.686 -1061.16 -396.298 0.745472 -0.223264 0.628033 807.682
200.686 -1061.16 -396.298 0.0702357 -0.367587 0.927333 807.682
200.686 -1061.16 -396.298 0.304347 0.852317 0.425356 807.682
200.686 -1061.16 -396.298 0.362268 0.854465 -0.37236 807.682
200.686 -1061.16 -396.298 -0.492231 0.630188 0.600476 807.682
200.686 -1061.16 -396.298 -0.483769 -0.803572 -0.346757 807.682
200.686 -1061.16 -396.298 0.829799 -0.121534 0.544668 807.682
302.459 955.611 -1098.35 -0.839316 0.52326 -0.147473 811.803
302.459 955.611 -1098.35 -0.79055 0.588074 0.170879 811.803
302.459 955.611 -1098.35 -0.739944 0.411456 -0.532153 811.803
302.459 955.611 -1098.35 0.203249 0.959927 0.192952 811.803
302.459 955.611 -1098.35 -0.49736 -0.667656 -0.553957 811.803
437.117 102.703 665.216 -0.52692 -0.316982 -0.788592 1121.82
437.117 102.703 665.216 -0.941616 -0.0737674 -0.328509 1121.82
437.117 102.703 665.216 -0.872258 0.317634 -0.371852 1121.82
437.117 102.703 665.216 -0.0583151 -0.373383 0.925843 1121.82
437.117 102.703 665.216 0.598044 0.795239 -0.0996913 1121.82
-493.572 2491.69 -1675.4 -0.873453 -0.470189 0.126495 33.7916
-493.572 2491.69 -1675.4 -0.635932 0.340647 0.692496 33.7916
-493.572 2491.69 -1675.4 0.917918 -0.297452 0.262582 33.7916
-493.572 2491.69 -1675.4 0.919275 -0.308992 0.24384 33.7916
-493.572 2491.69 -1675.4 0.479848 -0.602007 -0.638227 33.7916
-493.572 2491.69 -1675.4 0.705984 0.684775 0.180747 33.7916
-1054 1594.89 -274.787 0.487706 0.680093 0.547373 234.489
-1054 1594.89 -274.787 0.809305 -0.275851 -0.518586 234.489
450.006 1486.25 -1378.61 -0.162713 0.224075 -0.960893 82.4404
450.006 1486.25 -1378.61 -0.130177 0.428141 0.894287 82.4404
450.006 1486.25 -1378.61 0.653826 0.0548325 -0.754656 82.4404
450.006 1486.25 -1378.61 0.929235 0.249394 0.272625 82.4404
450.006 1486.25 -1378.61 0.663286 0.576019 -0.47776 82.4404
-877.033 -191.044 -1222.56 0.0161296 -0.988619 -0.149573 119.09
-877.033 -191.044 -1222.56 -0.200016 -0.979299 -0.0311104 119.09
-871.401 -1827.04 -1761.39 0.558408 -0.725814 -0.401715 33.136
-871.401 -1827.04 -1761.39 -0.623423 0.646464 0.439805 33.136
136.594 614.696 -1730.04 -0.477661 0.000186976 0.878544 513.571
136.594 614.696 -1730.04 0.774542 0.264453 0.574586 513.571
136.594 614.696 -1730.04 0.754043 -0.306232 -0.581069 513.571
136.594 614.696 -1730.04 -0.0739067 -0.22927 0.970553 513.571
36.3416 2823.03 629.679 -0.597965 -0.474471 -0.646 132.682
36.3416 2823.03 629.679 -0.266614 0.35649 -0.895451 132.682
36.3416 2823.03 629.679 -0.627206 -0.691694 0.358012 132.682
36.3416 2823.03 629.679 -0.572411 0.795196 0.200022 132.682
36.3416 2823.03 629.679 -0.658677 -0.319343 -0.681296 132.682
454.913 -2379.5 -573.676 0.625206 -0.659801 -0.41687 508.077
454.913 -2379.5 -573.676 -0.325272 0.922023 0.209933 508.077
454.913 -2379.5 -573.676 -0.310625 0.950119 0.028031 508.077
454.913 -2379.5 -573.676 0.710908 0.518561 -0.475084 508.077
0.0938353 -1570.54 -689.643 -0.406343 -0.733902 -0.544311 386.884
0.0938353 -1570.54 -689.643 -0.994616 0.0610491 -0.0837409 386.884
0.0938353 -1570.54 -689.643 -0.525395 -0.831334 -0.181231 386.884
0.0938353 -1570.54 -689.643 -0.316442 -0.671625 -0.669913 386.884
-1087.38 2287.67 -1751.82 0.991123 -0.110366 0.0741194 14.3454
-1087.38 2287.67 -1751.82 -0.808941 -0.468723 0.354843 14.3454
-1087.38 2287.67 -1751.82 -0.673892 -0.557722 -0.484578 14.3454
-1087.38 2287.67 -1751.82 -0.159393 -0.426932 0.890126 14.3454
-729.267 -775.712 -13.0998 -0.155685 -0.678789 0.71764 297.034
-729.267 -775.712 -13.0998 0.751355 -0.445818 0.486531 297.034
-729.267 -775.712 -13.0998 -0.0504135 -0.693168 0.719011 297.034
-729.267 -775.712 -13.0998 -0.335946 -0.923907 -0.18313 297.034
-729.267 -775.712 -13.0998 0.568287 0.355123 -0.742252 297.034
1004.2 -335.786 -1727.34 0.686686 0.659142 -0.306586 31.8148
1004.2 -335.786 -1727.34 0.600988 -0.504588 0.619842 31.8148
1004.2 -335.786 -1727.34 -0.313001 0.154979 0.937023 31.8148
1004.2 -335.786 -1727.34 -0.587352 -0.75492 0.291742 31.8148
1004.2 -335.786 -1727.34 0.264411 -0.956343 0.124479 31.8148
1004.2 -335.786 -1727.34 0.755645 0.399119 0.519331 31.8148
1004.2 -335.786 -1727.34 -0.536058 -0.741469 -0.403566 31.8148
1004.2 -335.786 -1727.34 0.343159 0.915641 0.209386 31.8148
224.959 -1283.69 813.658 0.936684 0.349296 0.0248171 626.339
224.959 -1283.69 813.658 0.611654 0.777603 -0.145648 626.339
224.959 -1283.69 813.658 -0.749218 -0.166244 0.64112 626.339
224.959 -1283.69 813.658 0.389596 -0.761109 -0.518583 626.339
224.959 -1283.69 813.658 0.339966 0.693648 0.635041 626.339
224.959 -1283.69 813.658 0.0752985 -0.51876 -0.851597 626.339
224.959 -1283.69 813.658 0.705091 0.628776 -0.327852 626.339
595.978 -2936.56 -377.56 0.758186 0.529186 0.380941 144.302
595.978 -2936.56 -377.56 0.253072 0.435533 0.863867 144.302
595.978 -2936.56 -377.56 -0.191004 0.144237 -0.970934 144.302
-575.48 -2211.86 1644.39 -0.592023 -0.805255 -0.0327418 299.171
-575.48 -2211.86 1644.39 -0.0432567 -0.992599 0.11347 299.171
-575.48 -2211.86 1644.39 -0.684368 0.305526 0.662038 299.171
-575.48 -2211.86 1644.39 -0.795672 0.469892 -0.38224 299.171
-575.48 -2211.86 1644.39 0.0361251 -0.410738 0.911038 299.171
1121.7 1248.96 -1070.97 0.651967 0.74907 0.117614 153.905
1121.7 1248.96 -1070.97 -0.475093 -0.334878 0.813722 153.905
1121.7 1248.96 -1070.97 0.458955 -0.697853 0.549874 153.905
1121.7 1248.96 -1070.97 -0.868341 -0.214651 0.447112 153.905
1121.7 1248.96 -1070.97 -0.154878 -0.563396 0.81154 153.905
-83.7482 1124.03 -1428.26 0.0465147 -0.346734 -0.936809 99.3384
-83.7482 1124.03 -1428.26 0.30393 0.391626 0.868479 99.3384
-83.7482 1124.03 -1428.26 0.374726 0.89596 0.238402 99.3384
304.667 2863.98 -1261.36 0.179447 -0.524289 0.832418 36.5975
304.667 2863.98 -1261.36 0.811806 0.503931 0.294997 36.5975
304.667 2863.98 -1261.36 0.232724 -0.0626863 0.970521 36.5975
304.667 2863.98 -1261.36 -0.542799 -0.403995 0.736313 36.5975
304.667 2863.98 -1261.36 0.971097 -0.232645 -0.0533516 36.5975
-1096.42 -954.895 -1682.2 0.595925 -0.538378 -0.595838 145.268
-1096.42 -954.895 -1682.2 0.168295 -0.935408 0.310948 145.268
-1096.42 -954.895 -1682.2 -0.469024 0.0329744 -0.88257 145.268
-230.562 -534.872 -813.303 0.0744101 -0.474962 0.876855 345.064
-230.562 -534.872 -813.303 -0.667303 -0.0886237 -0.739495 345.064
-230.562 -534.872 -813.303 0.244123 0.60126 0.760848 345.064
-230.562 -534.872 -813.303 0.931531 0.00150799 0.36366 345.064
-230.562 -534.872 -813.303 0.311108 -0.706586 -0.635569 345.064
-452.915 -1536.28 -1464.53 0.467862 0.881451 -0.064412 265.349
-452.915 -1536.28 -1464.53 0.052351 -0.755415 -0.653152 265.349
-452.915 -1536.28 -1464.53 0.0965194 -0.743173 -0.662101 265.349
-452.915 -1536.28 -1464.53 0.00363911 -0.470607 0.882336 265.349
-206.405 -354.062 -798.423 -0.32278 0.929567 -0.178098 320.784
-206.405 -354.062 -798.423 -0.249059 0.937057 -0.244732 320.784
-206.405 -354.062 -798.423 0.179644 0.386722 -0.90453 320.784
-206.405 -354.062 -798.423 -0.419998 0.218685 -0.880783 320.784
-706.829 -689.595 -1267.07 0.912098 -0.0569799 0.405992 413.365
-706.829 -689.595 -1267.07 -0.219349 -0.659895 0.718627 413.365
-706.829 -689.595 -1267.07 -0.172726 -0.0656272 -0.982781 413.365
-706.829 -689.595 -1267.07 -0.434352 -0.642603 0.631189 413.365
-706.829 -689.595 -1267.07 -0.976291 0.168896 0.135387 413.365
-706.829 -689.595 -1267.07 -0.912031 0.402039 0.0810156 413.365
-1073.7 -44.8795 440.689 0.210545 -0.845188 0.491252 1407.87
-743.578 -406.536 -140.264 0.0466877 -0.981373 0.186353 322.356
-743.578 -406.536 -140.264 0.740212 0.0314102 -0.671639 322.356
-743.578 -406.536 -140.264 -0.780408 -0.00752593 -0.625225 322.356
-904.27 -979.375 -1267.47 -0.909192 0.308517 -0.279619 146.167
-904.27 -979.375 -1267.47 0.903647 0.349821 0.247079 146.167
-904.27 -979.375 -1267.47 -0.824749 -0.464012 0.323237 146.167
-904.27 -979.375 -1267.47 -0.166333 0.742381 0.649003 146.167
852.655 1865.75 -1773.45 0.620776 -0.470363 0.627213 14.9915
852.655 1865.75 -1773.45 0.442763 -0.300286 -0.84486 14.9915
852.655 1865.75 -1773.45 -0.111203 0.868933 -0.482275 14.9915
131.776 -2680.35 463.709 0.988096 -0.0700605 0.136958 321.941
131.776 -2680.35 463.709 -0.340351 -0.73516 -0.586261 321.941
131.776 -2680.35 463.709 0.759962 -0.368346 0.535517 321.941
131.776 -2680.35 463.709 0.958466 -0.252392 0.132819 321.941
131.776 -2680.35 463.709 -0.324191 0.347157 -0.87999 321.941
721.022 -1580.57 -922.246 0.0684064 -0.780764 0.62107 431.729
721.022 -1580.57 -922.246 0.496477 -0.865883 -0.0612941 431.729
721.022 -1580.57 -922.246 0.805017 0.51856 0.288172 431.729
93.9986 2133.51 -1724.42 0.104805 -0.468924 -0.876999 28.732
93.9986 2133.51 -1724.42 -0.909875 -0.253912 -0.328109 28.732
93.9986 2133.51 -1724.42 0.90284 0.0621423 -0.425463 28.732
93.9986 2133.51 -1724.42 0.759901 0.00934212 -0.649971 28.732
93.9986 2133.51 -1724.42 0.561344 -0.708938 0.426967 28.732
-362.171 325.817 -940.8 0.348211 0.935306 0.0628599 278.639
-362.171 325.817 -940.8 -0.111517 0.0105492 -0.993707 278.639
-362.171 325.817 -940.8 0.562704 0.0912216 -0.82161 278.639
-362.171 325.817 -940.8 0.319945 0.904447 0.282154 278.639
-362.171 325.817 -940.8 0.84108 0.509899 0.18052 278.639
-362.171 325.817 -940.8 -0.708726 0.606067 0.361096 278.639
-362.171 325.817 -940.8 -0.821462 -0.396321 0.410036 278.639
972.833 -2459.63 547.795 -0.921869 -0.371866 -0.108966 440.274
972.833 -2459.63 547.795 -0.888976 -0.411217 -0.201552 440.274
972.833 -2459.63 547.795 -0.758451 0.651139 0.027741 440.274
972.833 -2459.63 547.795 -0.33649 0.839974 -0.425698 440.274
482.481 279.024 -1678.77 -0.713481 0.452582 -0.534897 77.0039
482.481 279.024 -1678.77 -0.845617 -0.26554 0.463055 77.0039
236.167 1831.16 -846.198 -0.904117 -0.000104651 0.427285 868.157
236.167 1831.16 -846.198 -0.263361 -0.578145 0.772263 868.157
236.167 1831.16 -846.198 0.113859 0.894597 0.432125 868.157
236.167 1831.16 -846.198 0.0897816 -0.11743 -0.989014 868.157
236.167 1831.16 -846.198 -0.357779 0.820812 0.445267 868.157
236.167 1831.16 -846.198 -0.803642 0.213819 -0.555375 868.157
236.167 1831.16 -846.198 0.0562391 -0.983087 0.174291 868.157
-151.5 -1441.36 -1794.02 0.69441 -0.252197 0.673937 49.6179
-151.5 -1441.36 -1794.02 0.788456 0.00854466 0.615031 49.6179
-151.5 -1441.36 -1794.02 -0.570929 0.775326 -0.270017 49.6179
-151.5 -1441.36 -1794.02 0.976873 0.174844 0.12308 49.6179
-151.5 -1441.36 -1794.02 -0.313903 0.622794 0.716653 49.6179
-151.5 -1441.36 -1794.02 0.340204 0.632498 0.69585 49.6179
-151.5 -1441.36 -1794.02 0.0221378 -0.25115 -0.967695 49.6179
1083.75 505.809 -1340.83 0.507877 0.0502637 0.859962 74.8386
1083.75 505.809 -1340.83 -0.687777 0.708441 -0.15835 74.8386
1083.75 505.809 -1340.83 -0.533853 0.771953 -0.345093 74.8386
1083.75 505.809 -1340.83 0.791688 -0.497908 -0.354003 74.8386
1083.75 505.809 -1340.83 -0.704365 0.553608 0.444283 74.8386
1083.75 505.809 -1340.83 0.84546 0.510921 -0.155425 74.8386
385.182 -662.02 -885.886 0.165648 0.615225 -0.770752 383.545
385.182 -662.02 -885.886 -0.490198 0.479205 0.728058 383.545
385.182 -662.02 -885.886 0.208483 -0.967472 -0.143291 383.545
385.182 -662.02 -885.886 -0.512005 -0.472342 0.717457 383.545
385.182 -662.02 -885.886 0.154556 -0.918934 -0.362867 383.545
385.182 -662.02 -885.886 0.439669 0.0449469 -0.897035 383.545
385.182 -662.02 -885.886 -0.627651 -0.0721512 0.775144 383.545
-804.455 2035.15 -1137.62 0.935866 0.1107 -0.334515 471.004
210.815 2845.33 -1501.13 0.647195 -0.649116 -0.399735 46.7542
210.815 2845.33 -1501.13 -0.45812 -0.289704 0.840356 46.7542
210.815 2845.33 -1501.13 0.390114 -0.623859 0.677209 46.7542
210.815 2845.33 -1501.13 -0.663004 0.613256 -0.429353 46.7542
210.815 2845.33 -1501.13 0.709986 -0.483207 0.51228 46.7542
-620.471 -1427.75 -977.981 0.665852 -0.0819468 -0.74157 295.978
-620.471 -1427.75 -977.981 0.740066 -0.664187 -0.105635 295.978
-88.0597 -825.872 -1114.28 -0.644781 -0.00606423 0.764343 1684.74
-88.0597 -825.872 -1114.28 0.255392 -0.424982 0.868427 1684.74
-88.0597 -825.872 -1114.28 -0.832744 -0.339236 -0.437557 1684.74
-88.0597 -825.872 -1114.28 -0.550577 0.825812 0.122062 1684.74
322.126 -37.29 1369.19 0.15279 0.548596 0.822009 673.726
322.126 -37.29 1369.19 -0.372966 0.609751 -0.699357 673.726
322.126 -37.29 1369.19 0.713481 -0.700669 0.00289829 673.726
322.126 -37.29 1369.19 0.347535 -0.910275 -0.224987 673.726
322.126 -37.29 1369.19 0.236263 0.971424 0.0226807 673.726
1086.83 1756.86 -1481.2 -0.533734 -0.0734293 -0.842458 105.4
1086.83 1756.86 -1481.2 -0.0376263 0.963754 0.264125 105.4
1086.83 1756.86 -1481.2 0.610966 -0.344649 0.712697 105.4
802.787 2667.28 -1476.59 0.485545 0.122148 0.865636 791.986
802.787 2667.28 -1476.59 -0.954842 -0.0285569 0.295739 791.986
802.787 2667.28 -1476.59 0.537988 0.763536 -0.357186 791.986
623.975 84.6773 -804.88 -0.415391 0.806031 -0.421621 177.539
623.975 84.6773 -804.88 -0.616648 -0.167022 0.769317 177.539
623.975 84.6773 -804.88 0.784627 -0.0257517 -0.619433 177.539
623.975 84.6773 -804.88 0.00921025 -0.329572 0.944086 177.539
623.975 84.6773 -804.88 0.716794 -0.596025 -0.361884 177.539
623.975 84.6773 -804.88 0.94719 -0.315896 -0.0551416 177.539
1015.23 -1505.73 -1251.81 0.0392942 -0.612258 0.789681 469.701
1015.23 -1505.73 -1251.81 0.688482 -0.640633 0.339974 469.701
1015.23 -1505.73 -1251.81 -0.788488 0.615015 0.00658168 469.701
1015.23 -1505.73 -1251.81 0.574512 0.169775 -0.800695 469.701
1015.23 -1505.73 -1251.81 0.975845 -0.216488 0.0293049 469.701
1015.23 -1505.73 -1251.81 -0.926331 0.259757 0.272832 469.701
-680.648 451.863 589.311 0.525084 0.78678 0.324443 627.025
-680.648 451.863 589.311 0.784653 -0.586499 0.200844 627.025
-680.648 451.863 589.311 0.88699 -0.218464 0.406844 627.025
-680.648 451.863 589.311 -0.244974 0.928394 -0.279414 627.025
-731.733 842.382 1394.57 0.836722 0.149957 -0.526697 413.835
-731.733 842.382 1394.57 0.924646 0.183544 0.33368 413.835
847.278 -2367.67 -1295.78 -0.810071 0.261609 0.524735 316.367
847.278 -2367.67 -1295.78 -0.67163 0.307242 -0.674178 316.367
847.278 -2367.67 -1295.78 -0.278242 0.634836 -0.720808 316.367
847.278 -2367.67 -1295.78 -0.857599 0.143169 -0.49399 316.367
847.278 -2367.67 -1295.78 -0.263951 0.778214 -0.569836 316.367
-81.193 -2863.27 -759.036 -0.466759 0.618019 0.632604 95.5214
-81.193 -2863.27 -759.036 -0.248016 0.935522 -0.251568 95.5214
-81.193 -2863.27 -759.036 -0.872942 0.265093 0.409509 95.5214
-81.193 -2863.27 -759.036 -0.289288 0.0604522 0.955331 95.5214
-81.193 -2863.27 -759.036 -0.301123 -0.826956 0.474836 95.5214
-1137.71 -744.098 -472.648 0.527887 0.626188 0.57378 95.7395
-1137.71 -744.098 -472.648 0.891895 -0.379189 -0.246452 95.7395
-1137.71 -744.098 -472.648 -0.253322 -0.251295 -0.934173 95.7395
-1137.71 -744.098 -472.648 -0.819985 0.531247 -0.213076 95.7395
-1137.71 -744.098 -472.648 -0.974829 -0.0913307 0.203389 95.7395
82.4286 589.16 -1260.64 0.504576 -0.250269 0.826298 175.629
82.4286 589.16 -1260.64 0.151796 0.0105846 0.988355 175.629
82.4286 589.16 -1260.64 -0.902746 -0.429943 -0.0140637 175.629
550.849 2162.97 -1060.38 0.643967 0.757618 -0.106407 872.841
550.849 2162.97 -1060.38 0.599123 -0.737734 0.311128 872.841
-888.209 135.447 -1789.22 0.163065 -0.00193417 -0.986613 183.949
-149.207 2416.83 -1671.91 0.941277 0.337592 -0.00540651 794.152
-149.207 2416.83 -1671.91 -0.200445 -0.738135 0.644188 794.152
-149.207 2416.83 -1671.91 -0.731489 0.441955 0.51923 794.152
-149.207 2416.83 -1671.91 -0.663864 -0.742499 0.0893277 794.152
-149.207 2416.83 -1671.91 0.367395 -0.194906 0.909413 794.152
845.558 1155.32 -1533.64 0.409282 -0.89007 0.200657 37.1995
494.536 250.657 -883.221 0.205511 -0.969925 -0.130422 726.905
494.536 250.657 -883.221 0.674258 0.655877 -0.339413 726.905
-1019.45 785.813 -1512.92 0.313858 -0.734628 -0.60151 157.348
-1019.45 785.813 -1512.92 -0.756391 -0.575419 0.31107 157.348
-1019.45 785.813 -1512.92 0.761599 9.49958e-05 -0.648049 157.348
-1019.45 785.813 -1512.92 -0.0415128 -0.233017 -0.971586 157.348
-1019.45 785.813 -1512.92 -0.869101 -0.365199 0.333608 157.348
515.827 2634.49 -1348.04 -0.646673 0.357919 -0.673578 99.9324
-957.824 446.498 -227.314 -0.257021 -0.169788 -0.951374 807.8
-957.824 446.498 -227.314 0.568349 0.816015 0.105349 807.8
-957.824 446.498 -227.314 -0.378215 -0.923968 -0.0568998 807.8
-957.824 446.498 -227.314 -0.940268 0.305057 0.151116 807.8
-957.824 446.498 -227.314 -0.568499 0.681299 -0.461129 807.8
-957.824 446.498 -227.314 0.389376 -0.508531 -0.767973 807.8
-957.824 446.498 -227.314 -0.885559 -0.368646 0.282639 807.8
-19.3903 2752.99 -814.704 0.900232 -0.269068 0.342323 180.384
-19.3903 2752.99 -814.704 0.626812 -0.356224 0.692972 180.384
-19.3903 2752.99 -814.704 0.626925 -0.683046 -0.374717 180.384
-19.3903 2752.99 -814.704 -0.455321 0.085587 -0.886204 180.384
-19.3903 2752.99 -814.704 0.452487 -0.464061 0.761514 180.384
-19.3903 2752.99 -814.704 -0.156305 -0.729467 -0.665918 180.384
-19.3903 2752.99 -814.704 0.688477 -0.706629 -0.163326 180.384
-19.3903 2752.99 -814.704 0.431963 0.857732 0.278753 180.384
-657.329 1196.62 -183.491 0.652581 -0.255447 -0.713362 728.477
-657.329 1196.62 -183.491 0.388633 0.847803 -0.360826 728.477
-657.329 1196.62 -183.491 -0.215434 -0.125592 0.968408 728.477
-657.329 1196.62 -183.491 -0.721594 -0.692316 0.00104612 728.477
-657.329 1196.62 -183.491 0.206493 0.362902 0.90866 728.477
404.811 -1202.81 262.539 0.34575 -0.33526 0.876389 376.118
404.811 -1202.81 262.539 0.745576 -0.0913473 -0.660131 376.118
1013.83 -1960.73 -1264 0.109586 -0.690608 0.714878 256.863
1013.83 -1960.73 -1264 -0.522843 -0.594217 0.611181 256.863
1013.83 -1960.73 -1264 -0.884841 -0.431303 0.176166 256.863
761.074 1319.61 470.394 0.599706 0.347397 -0.72088 939.178
761.074 1319.61 470.394 -0.783179 -0.333371 -0.524876 939.178
761.074 1319.61 470.394 -0.562231 0.826891 0.0121447 939.178
761.074 1319.61 470.394 -0.0865499 -0.621371 0.778722 939.178
761.074 1319.61 470.394 -0.343953 -0.271241 -0.898958 939.178
808.439 -472.767 986.977 -0.918438 -0.226163 0.324533 2300.08
808.439 -472.767 986.977 -0.525066 -0.801044 0.287462 2300.08
808.439 -472.767 986.977 0.304486 -0.471965 0.827368 2300.08
822.07 -344.917 -267.759 -0.92891 0.119408 0.350525 140.231
822.07 -344.917 -267.759 0.508128 0.651009 0.563909 140.231
822.07 -344.917 -267.759 0.746378 -0.376123 -0.549046 140.231
822.07 -344.917 -267.759 0.876395 -0.373201 0.304389 140.231
30.8724 2926.91 -1677.49 -0.871312 0.459165 0.173159 92.2018
30.8724 2926.91 -1677.49 -0.841524 0.192139 -0.504896 92.2018
-1014.81 480.776 286.836 0.931192 0.182732 0.31542 122.981
-1014.81 480.776 286.836 -0.0969143 0.717684 -0.689592 122.981
-1014.81 480.776 286.836 -0.208128 0.974926 0.0787499 122.981
-1014.81 480.776 286.836 0.628197 0.312467 -0.712554 122.981
686.24 -1740.71 787.523 -0.237958 0.350151 0.905964 583.533
686.24 -1740.71 787.523 -0.380363 -0.149994 0.912593 583.533
686.24 -1740.71 787.523 -0.195869 -0.975309 0.102016 583.533
686.24 -1740.71 787.523 -0.339194 0.614925 -0.711909 583.533
686.24 -1740.71 787.523 0.714752 0.331032 0.616074 583.533
651.715 2240.51 -1289.08 0.372351 0.925502 -0.0692857 142.118
651.715 2240.51 -1289.08 0.478266 -0.108835 0.871445 142.118
-470.373 -1237.21 -1679.44 0.669142 0.733965 -0.11638 67.5314
-470.373 -1237.21 -1679.44 -0.609673 -0.77637 -0.159836 67.5314
-470.373 -1237.21 -1679.44 -0.17818 -0.538403 -0.823635 67.5314
-470.373 -1237.21 -1679.44 -0.821397 -0.148199 -0.550767 67.5314
-470.373 -1237.21 -1679.44 -0.30821 0.294523 -0.904579 67.5314
-381.18 -1420.8 227.405 0.741828 -0.634349 -0.217469 513.51
-381.18 -1420.8 227.405 0.765269 -0.415887 0.491327 513.51
-381.18 -1420.8 227.405 0.248378 0.236669 0.939306 513.51
-381.18 -1420.8 227.405 0.82007 -0.550886 0.154949 513.51
-381.18 -1420.8 227.405 0.224047 0.849378 -0.477871 513.51
-381.18 -1420.8 227.405 -0.752913 0.605665 -0.257474 513.51
-381.18 -1420.8 227.405 0.458236 0.486322 0.743983 513.51
-381.18 -1420.8 227.405 -0.354458 -0.935045 0.00713573 513.51
-381.18 -1420.8 227.405 -0.851287 0.482095 0.207112 513.51
-381.18 -1420.8 227.405 -0.0809878 0.115778 -0.989968 513.51
770.638 0.963877 1546.56 -0.941626 0.318249 -0.109811 629.502
770.638 0.963877 1546.56 0.0975014 0.943765 -0.315914 629.502
770.638 0.963877 1546.56 -0.507874 0.512782 0.692184 629.502
770.638 0.963877 1546.56 0.190848 0.535437 0.82273 629.502
770.638 0.963877 1546.56 0.907497 -0.021342 -0.419516 629.502
-678.158 -1771.32 -1514.83 0.304742 -0.284968 -0.908805 190.841
-678.158 -1771.32 -1514.83 0.0606393 0.945719 -0.319278 190.841
-472.505 2382.68 -1529.34 0.575557 0.136853 0.806229 68.1724
-472.505 2382.68 -1529.34 -0.759317 -0.222641 -0.611448 68.1724
-472.505 2382.68 -1529.34 -0.600597 -0.670253 0.435941 68.1724
-1131.4 1094.04 -328.412 -0.85728 0.0536113 0.512052 581.188
-1131.4 1094.04 -328.412 0.560104 0.477394 -0.677037 581.188
-1131.4 1094.04 -328.412 0.0730257 0.96403 -0.255563 581.188
-1131.4 1094.04 -328.412 -0.590711 -0.675968 -0.4406 581.188
-1131.4 1094.04 -328.412 0.698615 -0.301198 0.649012 581.188
-1131.4 1094.04 -328.412 0.945506 -0.107256 -0.307431 581.188
-1131.4 1094.04 -328.412 -0.197415 0.968427 0.15224 581.188
-455.944 -2295.28 -1743.91 0.0446844 0.245656 0.968327 16.8566
-455.944 -2295.28 -1743.91 0.757381 0.602017 0.252882 16.8566
1064.18 -620.017 1493.74 0.152211 -0.906379 -0.394093 992.359
1064.18 -620.017 1493.74 -0.261715 -0.870942 -0.415892 992.359
1064.18 -620.017 1493.74 0.264496 0.595206 0.758796 992.359
1064.18 -620.017 1493.74 0.218736 -0.704529 -0.675125 992.359
1064.18 -620.017 1493.74 0.678854 -0.60781 -0.411976 992.359
304.997 -137.1 -1340.78 -0.0111479 0.92435 -0.381383 40.6953
395.595 -1511.74 -315.359 0.210999 0.332795 -0.91909 519.958
53.7508 692.851 332.795 -0.397436 -0.892254 0.214307 1983.87
53.7508 692.851 332.795 0.0896765 0.994889 -0.0464045 1983.87
53.7508 692.851 332.795 -0.241802 -0.912869 -0.328941 1983.87
-614.807 1996.48 -1718.88 0.855937 -0.124875 0.501775 50.9298
-614.807 1996.48 -1718.88 0.859112 0.112219 0.499333 50.9298
-614.807 1996.48 -1718.88 -0.304595 -0.665362 -0.681553 50.9298
-614.807 1996.48 -1718.88 -0.144008 -0.118791 0.982421 50.9298
-614.807 1996.48 -1718.88 -0.208768 -0.967885 -0.14005 50.9298
-614.807 1996.48 -1718.88 -0.86066 0.341873 0.377343 50.9298
397.74 -922.943 -281.37 0.834125 0.467558 -0.292616 815.072
633.324 -1312.76 -16.4456 0.0468575 0.325402 0.944414 225.685
633.324 -1312.76 -16.4456 -0.321796 -0.943702 -0.0766466 225.685
633.324 -1312.76 -16.4456 0.900673 0.324738 -0.288674 225.685
633.324 -1312.76 -16.4456 0.362172 0.866756 -0.342879 225.685
-354.746 -2266.87 -1318.53 0.869445 0.27271 0.411939 56.2913
-354.746 -2266.87 -1318.53 0.907799 0.263342 0.326423 56.2913
-354.746 -2266.87 -1318.53 -0.668878 0.743364 -0.00342859 56.2913
771.294 714.103 1616.31 -0.16974 0.549067 -0.81836 253.053
771.294 714.103 1616.31 0.0592622 0.757957 0.649607 253.053
-511.651 598.821 -1473.31 -0.0211357 -0.12722 0.991649 198.839
-511.651 598.821 -1473.31 -0.155202 -0.870957 0.466205 198.839
-511.651 598.821 -1473.31 0.193227 -0.312676 -0.929998 198.839
-511.651 598.821 -1473.31 0.416249 0.104043 -0.903278 198.839
-792.562 -125.308 -1300.9 0.252881 -0.899792 0.355564 157.395
-792.562 -125.308 -1300.9 0.36753 -0.546607 0.752424 157.395
-792.562 -125.308 -1300.9 0.521729 0.59742 0.609006 157.395
-792.562 -125.308 -1300.9 0.83239 -0.478655 -0.279314 157.395
-278.376 -93.9617 -921.94 -0.841746 0.466695 0.271401 455.312
-278.376 -93.9617 -921.94 0.892396 0.335826 0.301413 455.312
-278.376 -93.9617 -921.94 0.664069 -0.705945 0.24628 455.312
-278.376 -93.9617 -921.94 0.752075 0.0237524 0.658649 455.312
-278.376 -93.9617 -921.94 -0.581948 -0.812402 -0.0365933 455.312
-278.376 -93.9617 -921.94 -0.146697 -0.699547 -0.699367 455.312
-861.197 1874.23 199.438 -0.446642 0.198766 0.872355 253.404
-861.197 1874.23 199.438 0.0188051 0.826494 0.562632 253.404
-861.197 1874.23 199.438 -0.655498 0.165261 0.736893 253.404
-861.197 1874.23 199.438 0.659556 -0.472954 -0.584209 253.404
-861.197 1874.23 199.438 -0.0231072 0.986631 0.161324 253.404
-861.197 1874.23 199.438 -0.481429 0.370646 0.794259 253.404
256.744 -2504.06 -1482.39 0.383131 -0.766748 -0.515081 122.714
256.744 -2504.06 -1482.39 -0.892623 -0.284196 -0.349939 122.714
256.744 -2504.06 -1482.39 -0.00751606 0.26718 -0.963617 122.714
256.744 -2504.06 -1482.39 0.968875 -0.247475 -0.00617407 122.714
256.744 -2504.06 -1482.39 -0.283685 -0.644381 0.710138 122.714
256.744 -2504.06 -1482.39 -0.293379 0.558836 -0.775649 122.714
256.744 -2504.06 -1482.39 -0.362246 0.928478 -0.0818887 122.714
-657.483 -2763.49 921.011 -0.494089 -0.414657 0.764157 629.35
-657.483 -2763.49 921.011 0.750601 -0.297453 -0.590017 629.35
-657.483 -2763.49 921.011 -0.168025 0.872914 0.458028 629.35
35.5382 -1107.55 -848.191 0.259623 0.949695 0.175143 1688.23
35.5382 -1107.55 -848.191 0.385139 -0.761626 -0.521147 1688.23
35.5382 -1107.55 -848.191 0.00475154 -0.990194 -0.139615 1688.23
35.5382 -1107.55 -848.191 -0.45188 0.772665 0.445862 1688.23
553.239 471.204 -327.087 0.332126 -0.770937 -0.543459 1441.03
-806.905 2109.94 -1002.12 0.51489 -0.191746 0.835537 68.0575
-806.905 2109.94 -1002.12 0.727106 0.515195 -0.453752 68.0575
-806.905 2109.94 -1002.12 -0.765651 -0.563281 -0.310633 68.0575
-806.905 2109.94 -1002.12 0.177962 -0.0845834 -0.980395 68.0575
404.713 1797.97 1174.14 -0.0449661 -0.517931 0.85424 574.323
404.713 1797.97 1174.14 0.439089 -0.422789 -0.792748 574.323
404.713 1797.97 1174.14 -0.606694 0.0284533 -0.794426 574.323
404.713 1797.97 1174.14 -0.407485 0.554256 0.72578 574.323
977.936 -1385.21 761.986 -0.554925 -0.0371238 -0.831072 226.411
977.936 -1385.21 761.986 -0.997156 -0.0672742 -0.0339688 226.411
977.936 -1385.21 761.986 -0.659888 0.370241 -0.653811 226.411
-983.947 -562.252 -144.343 -0.691567 0.406757 0.596895 130.087
-983.947 -562.252 -144.343 0.724861 -0.172282 -0.667005 130.087
-429.019 338.411 -1157.58 0.18572 -0.545489 -0.817282 161.562
-429.019 338.411 -1157.58 -0.242598 0.960227 -0.138238 161.562
-429.019 338.411 -1157.58 0.318509 -0.934652 -0.158045 161.562
392.292 165.463 -1608.02 -0.415794 0.667512 0.617691 36.0095
335.996 -132.743 -1523.64 0.777366 -0.527592 0.342562 175.209
335.996 -132.743 -1523.64 0.949805 -0.291031 -0.114766 175.209
335.996 -132.743 -1523.64 -0.942805 -0.243942 -0.22718 175.209
-318.722 -1299.28 -1446.78 -0.375613 0.836464 -0.399053 39.623
-318.722 -1299.28 -1446.78 0.0809086 0.995897 -0.0405349 39.623
-318.722 -1299.28 -1446.78 -0.669584 -0.122056 -0.732639 39.623
-318.722 -1299.28 -1446.78 -0.246772 -0.340709 0.907205 39.623
845.361 -2478.88 -1790.92 -0.958122 0.116944 -0.261395 15.1086
845.361 -2478.88 -1790.92 -0.212292 0.886202 0.411798 15.1086
-840.678 589.762 -1773.43 -0.10804 -0.993363 -0.0394492 12.6197
-840.678 589.762 -1773.43 -0.599794 -0.797081 -0.0700646 12.6197
540.284 -82.6748 82.8437 -0.943946 0.259003 0.204655 447.959
540.284 -82.6748 82.8437 0.830145 0.518332 -0.205405 447.959
540.284 -82.6748 82.8437 -0.533446 -0.726081 0.433868 447.959
540.284 -82.6748 82.8437 -0.163811 -0.205186 -0.964917 447.959
540.284 -82.6748 82.8437 0.669333 0.709177 -0.221498 447.959
-302.057 -1477.83 54.3136 -0.593938 -0.384606 0.706623 909.712
-302.057 -1477.83 54.3136 -0.626876 0.370117 0.685594 909.712
912.433 -2461.62 -1548.31 -0.957734 -0.107291 0.266899 25.5019
912.433 -2461.62 -1548.31 -0.513612 0.275362 0.812637 25.5019
912.433 -2461.62 -1548.31 0.153681 -0.329104 -0.931704 25.5019
912.433 -2461.62 -1548.31 0.637903 -0.261983 0.724185 25.5019
912.433 -2461.62 -1548.31 -0.213735 -0.299615 -0.929811 25.5019
912.433 -2461.62 -1548.31 0.395319 0.865444 0.307781 25.5019
-621.566 103.236 -817.67 0.0159418 0.996929 -0.0766747 193.845
-621.566 103.236 -817.67 -0.570835 -0.477285 0.668092 193.845
-621.566 103.236 -817.67 -0.201547 0.537964 0.818519 193.845
-537.844 -1699.85 -1347.61 0.605558 -0.730829 -0.314941 197.121
-537.844 -1699.85 -1347.61 -0.829522 -0.518435 0.207652 197.121
992.333 2569.15 432.244 0.680663 0.69817 -0.22194 326.158
992.333 2569.15 432.244 0.797929 0.567458 -0.203227 326.158
992.333 2569.15 432.244 -0.872119 0.481099 0.0891758 326.158
133.673 -1252.7 -1379.89 -0.856511 0.490301 -0.161226 110.556
133.673 -1252.7 -1379.89 0.581324 0.812786 -0.0379652 110.556
133.673 -1252.7 -1379.89 0.768083 0.432049 -0.472634 110.556
133.673 -1252.7 -1379.89 -0.733822 -0.0164836 0.679142 110.556
133.673 -1252.7 -1379.89 0.845947 0.363401 -0.390274 110.556
133.673 -1252.7 -1379.89 -0.862038 0.466338 0.198545 110.556
467.624 -984.924 -1456.85 -0.929654 0.293463 -0.222763 45.5545
467.624 -984.924 -1456.85 0.460399 -0.224602 0.858829 45.5545
467.624 -984.924 -1456.85 -0.208879 0.360613 0.909026 45.5545
467.624 -984.924 -1456.85 0.609742 0.435883 0.661982 45.5545
912.579 -2956.94 466.601 0.193504 0.591326 -0.782873 919.994
912.579 -2956.94 466.601 0.938419 -0.323489 -0.121344 919.994
912.579 -2956.94 466.601 -0.882613 -0.223302 -0.413679 919.994
912.579 -2956.94 466.601 -0.327046 0.580738 -0.745509 919.994
912.579 -2956.94 466.601 0.781972 0.573189 -0.244898 919.994
912.579 -2956.94 466.601 0.239028 0.713403 -0.658728 919.994
912.579 -2956.94 466.601 -0.2701 0.59056 -0.76045 919.994
389.559 -1737.54 -903.323 -0.643476 0.764995 0.0268503 308.026
-260.464 2429.3 1271.6 -0.440692 0.851311 -0.28471 911.566
-260.464 2429.3 1271.6 0.532657 0.835948 -0.132163 911.566
-260.464 2429.3 1271.6 0.600534 0.736726 0.310795 911.566
-260.464 2429.3 1271.6 0.0572413 -0.996369 0.0630227 911.566
-920.947 -1052.69 -1402.31 -0.727419 0.684596 0.0468036 581.574
-920.947 -1052.69 -1402.31 0.0447915 0.40727 -0.912209 581.574
-290.797 -601.681 -36.815 0.434931 0.500202 -0.748754 201.683
-290.797 -601.681 -36.815 0.975889 0.00455556 0.21822 201.683
-290.797 -601.681 -36.815 -0.930137 0.308083 -0.199826 201.683
895.587 -2145.59 377.758 0.220699 -0.155651 0.962842 224.411
895.587 -2145.59 377.758 -0.265232 -0.392068 0.880871 224.411
895.587 -2145.59 377.758 -0.685706 0.189668 -0.702732 224.411
895.587 -2145.59 377.758 0.608335 0.45724 -0.648737 224.411
895.587 -2145.59 377.758 0.0856727 -0.64668 -0.757935 224.411
895.587 -2145.59 377.758 0.0927054 0.849961 -0.518625 224.411
895.587 -2145.59 377.758 -0.91195 0.394203 -0.113807 224.411
895.587 -2145.59 377.758 0.91702 0.129457 -0.377247 224.411
-898.144 -2885.73 -1032.93 0.95136 0.0269207 0.306904 144.416
-898.144 -2885.73 -1032.93 0.00880472 0.949108 0.314828 144.416
-898.144 -2885.73 -1032.93 -0.610672 0.790389 -0.0486272 144.416
-240.358 716.98 665.122 -0.184257 0.981759 0.0468813 366.952
-240.358 716.98 665.122 -0.325055 0.936086 -0.13447 366.952
-240.358 716.98 665.122 0.844064 -0.511054 -0.16242 366.952
-240.358 716.98 665.122 0.249416 -0.852362 -0.459642 366.952
-240.358 716.98 665.122 -0.0228039 -0.672683 0.739579 366.952
-240.358 716.98 665.122 -0.902552 0.430442 0.0109038 366.952
-240.358 716.98 665.122 -0.607099 0.310384 0.7315 366.952
-240.358 716.98 665.122 0.0487297 -0.804319 0.592197 366.952
403.223 -1873.58 4.11226 0.444148 -0.535586 -0.718248 294.236
403.223 -1873.58 4.11226 -0.552992 -0.0318637 0.832577 294.236
403.223 -1873.58 4.11226 0.694302 0.493459 -0.523872 294.236
403.223 -1873.58 4.11226 -0.810223 -0.161173 0.563527 294.236
45.7628 -2601.26 1199.94 -0.18955 0.648849 -0.73693 679.44
45.7628 -2601.26 1199.94 0.437945 0.318099 0.840843 679.44
61.914 808.912 -693.723 0.52654 -0.303637 -0.794078 584.15
61.914 808.912 -693.723 -0.375512 -0.504173 -0.777689 584.15
61.914 808.912 -693.723 0.592519 -0.573201 -0.566005 584.15
61.914 808.912 -693.723 -0.186626 0.843741 -0.503261 584.15
61.914 808.912 -693.723 0.982478 0.177696 -0.0562295 584.15
61.914 808.912 -693.723 0.454129 0.18495 -0.871527 584.15
61.914 808.912 -693.723 -0.77883 -0.399002 -0.483964 584.15
-262.021 -1688.83 1139.78 0.99375 -0.00146104 0.111621 1449.43
-262.021 -1688.83 1139.78 0.532313 -0.76608 0.360227 1449.43
-262.021 -1688.83 1139.78 -0.614504 0.235187 0.753042 1449.43
-262.021 -1688.83 1139.78 0.147773 0.27375 0.950381 1449.43
-250.068 1415.01 -330.731 -0.0736888 0.97855 -0.19238 691.235
-250.068 1415.01 -330.731 0.00011566 0.990528 0.13731 691.235
-250.068 1415.01 -330.731 0.539 -0.64147 0.545889 691.235
-250.068 1415.01 -330.731 0.576334 -0.79424 -0.19241 691.235
-250.068 1415.01 -330.731 0.0821639 0.164298 0.982983 691.235
-250.068 1415.01 -330.731 0.726195 -0.44947 -0.520209 691.235
-709.583 -2304.51 293.902 0.101433 0.973603 -0.204472 354.044
-902.764 -2151.23 -267.939 0.839264 -0.30747 0.448441 243.475
-902.764 -2151.23 -267.939 0.10768 0.988889 0.102486 243.475
-902.764 -2151.23 -267.939 -0.75403 0.483537 0.444556 243.475
-902.764 -2151.23 -267.939 -0.215919 -0.443488 0.869884 243.475
-902.764 -2151.23 -267.939 0.490656 0.75947 -0.427155 243.475
-902.764 -2151.23 -267.939 -0.603417 0.403388 -0.68787 243.475
85.8036 2065.5 1076.58 -0.341486 -0.806912 -0.481955 1780.26
85.8036 2065.5 1076.58 0.568049 0.510344 -0.645654 1780.26
85.8036 2065.5 1076.58 0.793269 0.194504 0.576969 1780.26
85.8036 2065.5 1076.58 -0.916323 0.298994 -0.266374 1780.26
85.8036 2065.5 1076.58 0.280762 -0.930473 -0.235356 1780.26
85.8036 2065.5 1076.58 -0.443609 -0.116166 -0.88866 1780.26
85.8036 2065.5 1076.58 0.176081 -0.17157 -0.969309 1780.26
85.8036 2065.5 1076.58 -0.868594 -0.479082 -0.126588 1780.26
551.083 1313.07 -824.926 -0.526004 -0.808412 0.264177 1084.59
551.083 1313.07 -824.926 0.82804 -0.0237543 -0.560165 1084.59
551.083 1313.07 -824.926 0.614382 -0.213464 0.759584 1084.59
551.083 1313.07 -824.926 0.826775 -0.435861 -0.355625 1084.59
551.083 1313.07 -824.926 0.531531 -0.0637404 -0.844637 1084.59
551.083 1313.07 -824.926 -0.941683 0.00662348 -0.336437 1084.59
551.083 1313.07 -824.926 -0.990323 0.0256989 0.136384 1084.59
-683.547 9.28628 -633.872 -0.0864563 0.550824 0.830131 79.0066
-683.547 9.28628 -633.872 -0.464296 -0.202981 -0.862107 79.0066
-683.547 9.28628 -633.872 0.69279 -0.634635 0.342462 79.0066
-683.547 9.28628 -633.872 -0.710228 0.677029 -0.192895 79.0066
-683.547 9.28628 -633.872 -0.405009 0.804961 0.433596 79.0066
-804.924 -770.567 -1758.87 0.506998 0.230136 -0.830656 21.463
-1132.02 1019.22 -665.41 0.981235 -0.192672 -0.00741575 199.433
-1132.02 1019.22 -665.41 0.506102 -0.771921 -0.384706 199.433
-1132.02 1019.22 -665.41 0.894331 0.0550308 -0.444008 199.433
-1132.02 1019.22 -665.41 -0.252119 -0.829862 0.49776 199.433
-1132.02 1019.22 -665.41 -0.727042 0.585657 0.358351 199.433
-1132.02 1019.22 -665.41 0.397459 0.791236 -0.464728 199.433
-957.176 -1655.64 633.492 0.41335 -0.585984 0.696969 716.123
-957.176 -1655.64 633.492 -0.980596 0.19573 -0.0110415 716.123
1015.58 870.615 416.892 0.207811 0.0441538 0.977172 242.668
1015.58 870.615 416.892 -0.843096 -0.537454 0.0182524 242.668
1015.58 870.615 416.892 -0.0621402 -0.726015 -0.684866 242.668
1015.58 870.615 416.892 0.686136 0.557938 -0.466822 242.668
1015.58 870.615 416.892 -0.307634 0.951376 -0.0156835 242.668
18.325 -1021.84 -1612.29 -0.418252 -0.827538 0.374495 30.0233
18.325 -1021.84 -1612.29 -0.199005 0.977667 0.0675536 30.0233
18.325 -1021.84 -1612.29 -0.637667 -0.486869 0.596941 30.0233
18.325 -1021.84 -1612.29 0.0209845 -0.141703 0.989687 30.0233
18.325 -1021.84 -1612.29 0.822892 -0.461808 0.331032 30.0233
18.325 -1021.84 -1612.29 -0.865808 0.382675 0.322392 30.0233
18.325 -1021.84 -1612.29 0.642944 0.338808 0.686901 30.0233
-358.202 -1584.11 1005.7 -0.108683 -0.99292 0.0479334 418.386
-358.202 -1584.11 1005.7 -0.678582 0.646628 -0.348423 418.386
-358.202 -1584.11 1005.7 -0.0251348 -0.272538 -0.961817 418.386
-358.202 -1584.11 1005.7 0.988997 0.147439 0.0120754 418.386
194.236 -478.093 -572.512 -0.844694 0.439516 -0.305479 321.611
194.236 -478.093 -572.512 0.146463 0.80927 0.568886 321.611
194.236 -478.093 -572.512 -0.515032 -0.49141 -0.702323 321.611
194.236 -478.093 -572.512 -0.58954 0.141449 0.795257 321.611
243.999 2499.89 -1669.43 0.694915 -0.347242 -0.629696 34.5385
243.999 2499.89 -1669.43 0.0105067 0.402098 0.915536 34.5385
243.999 2499.89 -1669.43 -0.597577 -0.00569507 -0.801791 34.5385
243.999 2499.89 -1669.43 0.433028 -0.815752 0.383452 34.5385
243.999 2499.89 -1669.43 -0.922986 -0.196682 0.330776 34.5385
243.999 2499.89 -1669.43 -0.0704971 -0.687588 -0.722671 34.5385
-659.807 -85.2297 -1530.39 0.335158 -0.672489 -0.659869 69.4976
-659.807 -85.2297 -1530.39 0.0724512 -0.780083 -0.621467 69.4976
-659.807 -85.2297 -1530.39 -0.821121 0.54476 0.170285 69.4976
-755.097 -431.468 -799.697 -0.939044 0.249013 0.23704 342.391
-755.097 -431.468 -799.697 0.00970891 -0.996239 0.086102 342.391
-755.097 -431.468 -799.697 -0.767483 0.364545 -0.52733 342.391
-755.097 -431.468 -799.697 0.926468 0.344463 0.151664 342.391
-370.707 -282.582 -1426.41 0.762409 0.625958 -0.164041 506.784
-370.707 -282.582 -1426.41 -0.238841 0.227646 -0.943998 506.784
-370.707 -282.582 -1426.41 -0.889325 0.436585 0.135994 506.784
-370.707 -282.582 -1426.41 -0.182768 0.891933 0.413584 506.784
-370.707 -282.582 -1426.41 -0.668245 0.743826 -0.0130779 506.784
-370.707 -282.582 -1426.41 -0.403125 0.717248 0.568371 506.784
-370.707 -282.582 -1426.41 -0.414121 0.769524 0.486144 506.784
951.093 5.48784 -1114.2 0.38826 -0.914827 0.111114 843.415
951.093 5.48784 -1114.2 -0.729346 -0.669829 0.139227 843.415
951.093 5.48784 -1114.2 -0.588904 0.480311 -0.649995 843.415
951.093 5.48784 -1114.2 -0.486419 0.811594 -0.323591 843.415
472.088 1537.33 -1385.09 0.00105655 0.946017 0.324116 385.416
472.088 1537.33 -1385.09 0.864364 -0.497771 -0.0714048 385.416
472.088 1537.33 -1385.09 -0.580183 0.807292 -0.108015 385.416
472.088 1537.33 -1385.09 -0.764125 -0.586381 0.268831 385.416
472.088 1537.33 -1385.09 0.93495 0.340736 -0.098836 385.416
-365.528 190.14 328.422 -0.195506 0.861195 -0.469171 1346.64
-226.361 2641.96 607.724 0.523278 -0.800939 0.290993 246.831
-226.361 2641.96 607.724 0.649602 -0.342139 -0.678939 246.831
-226.361 2641.96 607.724 0.881182 -0.427748 0.201371 246.831
-226.361 2641.96 607.724 -0.590179 0.805154 0.0584456 246.831
-226.361 2641.96 607.724 0.664286 0.708843 0.237204 246.831
1067.61 1348.2 -1551.54 -0.411512 -0.0547754 -0.909757 45.4592
1067.61 1348.2 -1551.54 -0.873168 -0.252877 0.41669 45.4592
1067.61 1348.2 -1551.54 0.22534 -0.081854 0.970836 45.4592
-557.463 -1869.32 -1456.32 0.60489 0.562193 -0.563956 67.3587
-557.463 -1869.32 -1456.32 0.558017 0.170422 -0.812141 67.3587
-557.463 -1869.32 -1456.32 0.546038 -0.483979 0.683818 67.3587
-97.1615 766.142 -1601.65 -0.544326 -0.544033 0.638544 93.2263
-97.1615 766.142 -1601.65 0.826366 -0.184162 0.532168 93.2263
-97.1615 766.142 -1601.65 0.556717 -0.781127 0.282679 93.2263
-97.1615 766.142 -1601.65 0.881558 0.136613 -0.451877 93.2263
-97.1615 766.142 -1601.65 -0.717113 -0.661416 0.219723 93.2263
-97.1615 766.142 -1601.65 0.234733 -0.14124 -0.961744 93.2263
323.218 1234.65 -1654.91 -0.237963 0.887985 0.393518 120.427
323.218 1234.65 -1654.91 -0.123202 0.693292 -0.710048 120.427
323.218 1234.65 -1654.91 0.79168 0.507174 0.340614 120.427
323.218 1234.65 -1654.91 -0.828538 0.00528113 0.559908 120.427
444.285 2528.61 -1129.94 -0.479362 -0.150731 0.864577 49.3998
444.285 2528.61 -1129.94 -0.262169 0.104289 0.95937 49.3998
444.285 2528.61 -1129.94 0.413477 -0.404089 0.815935 49.3998
444.285 2528.61 -1129.94 -0.701014 0.18699 0.688197 49.3998
444.285 2528.61 -1129.94 -0.432808 0.152862 0.888432 49.3998
444.285 2528.61 -1129.94 -0.603481 0.284991 0.744709 49.3998
-65.2629 1308.83 -1714.31 -0.505457 -0.205599 0.837999 18.805
-65.2629 1308.83 -1714.31 -0.0143041 0.725767 -0.687792 18.805
-65.2629 1308.83 -1714.31 0.0954303 0.958594 -0.26831 18.805
-65.2629 1308.83 -1714.31 -0.148445 0.868139 -0.473602 18.805
1123.71 205.276 1761.75 -0.785512 -0.233008 -0.573305 529.451
1123.71 205.276 1761.75 0.740688 0.0928072 0.665408 529.451
1123.71 205.276 1761.75 -0.485198 -0.873171 0.0464254 529.451
1123.71 205.276 1761.75 0.542143 -0.685594 -0.485842 529.451
17.7486 2502.22 853.096 -0.886011 -0.416762 0.203207 384.198
17.7486 2502.22 853.096 -0.700429 0.580573 0.415132 384.198
17.7486 2502.22 853.096 0.179065 -0.401053 0.898383 384.198
17.7486 2502.22 853.096 0.963464 -0.192041 0.1867 384.198
17.7486 2502.22 853.096 -0.712236 -0.101195 -0.694607 384.198
17.7486 2502.22 853.096 -0.526889 -0.645191 -0.553278 384.198
17.7486 2502.22 853.096 0.968883 -0.0251258 -0.24624 384.198
33.0244 -865.109 -1214.41 0.396493 -0.853453 -0.338248 135.145
33.0244 -865.109 -1214.41 -0.509348 0.138881 -0.84928 135.145
33.0244 -865.109 -1214.41 -0.919636 -0.334475 0.205903 135.145
421.359 -2988.32 -661.493 0.739073 -0.155938 0.655328 84.0042
421.359 -2988.32 -661.493 0.658734 0.356288 0.662668 84.0042
421.359 -2988.32 -661.493 -0.179404 0.646062 0.741901 84.0042
421.359 -2988.32 -661.493 -0.191383 -0.749619 0.633595 84.0042
421.359 -2988.32 -661.493 -0.215882 -0.783514 0.582667 84.0042
421.359 -2988.32 -661.493 0.643521 0.756631 -0.115718 84.0042
421.359 -2988.32 -661.493 -0.0917657 0.834736 0.54295 84.0042
421.359 -2988.32 -661.493 -0.27645 0.136454 -0.951292 84.0042
47.4019 -1575.75 -1290.44 0.897028 -0.441865 0.00976703 196.175
47.4019 -1575.75 -1290.44 -0.10483 0.713418 0.692853 196.175
47.4019 -1575.75 -1290.44 -0.440282 -0.822487 -0.360092 196.175
47.4019 -1575.75 -1290.44 0.542731 0.242456 -0.80415 196.175
47.4019 -1575.75 -1290.44 0.102009 0.990749 0.0894972 196.175
-699.046 724.564 -1600.74 -0.302341 0.474434 0.826742 39.4073
938.937 2322.84 -1674.5 0.906921 0.421209 -0.0088345 22.1332
938.937 2322.84 -1674.5 0.522638 0.835058 0.171833 22.1332
938.937 2322.84 -1674.5 -0.546865 -0.707996 -0.446856 22.1332
938.937 2322.84 -1674.5 0.683149 -0.122506 -0.71993 22.1332
134.808 352.815 -762.242 -0.386443 -0.102019 0.916654 185.255
-989.975 469.777 -1768.22 0.537938 -0.405323 0.739145 23.5851
-989.975 469.777 -1768.22 0.386801 -0.217072 0.89625 23.5851
-194.248 1264.6 1633.24 0.841886 0.490044 -0.226019 549.578
-194.248 1264.6 1633.24 0.49368 -0.217613 -0.841977 549.578
-194.248 1264.6 1633.24 0.874428 -0.384118 -0.29636 549.578
-194.248 1264.6 1633.24 0.662386 0.22524 -0.714501 549.578
-194.248 1264.6 1633.24 -0.691066 -0.350416 0.632168 549.578
-194.248 1264.6 1633.24 -0.81922 0.426181 -0.38373 549.578
-194.248 1264.6 1633.24 -0.157437 0.513299 0.843646 549.578
-194.248 1264.6 1633.24 -0.255088 -0.946707 0.19666 549.578
-78.1867 -305.138 -985.934 -0.611115 -0.783424 -0.113074 184.476
622.545 -2181.1 732.86 -0.105374 0.419814 -0.901472 270.533
622.545 -2181.1 732.86 0.353981 0.858462 -0.371133 270.533
622.545 -2181.1 732.86 0.610548 -0.714724 -0.341175 270.533
622.545 -2181.1 732.86 -0.350432 0.56693 -0.745512 270.533
622.545 -2181.1 732.86 -0.0355905 -0.979798 0.1968 270.533
-373.665 -2505.73 325.572 0.236228 0.969191 0.0697484 233.643
-373.665 -2505.73 325.572 0.772838 -0.529903 0.349177 233.643
-373.665 -2505.73 325.572 0.121754 -0.879619 -0.459834 233.643
-373.665 -2505.73 325.572 0.471245 -0.860659 -0.192857 233.643
-518.879 2882.62 -620.663 -0.683912 0.690605 -0.235223 402.764
941.701 1502.46 661.89 -0.493427 0.542495 0.679874 488.241
941.701 1502.46 661.89 0.697298 -0.314176 0.644258 488.241
941.701 1502.46 661.89 0.678865 -0.401176 0.61498 488.241
-754.337 1140.16 1378.24 0.444671 -0.324883 0.834697 1238.88
-754.337 1140.16 1378.24 0.800284 -0.17924 -0.572206 1238.88
-754.337 1140.16 1378.24 0.235572 0.475976 0.847321 1238.88
799.157 -2550.74 -933.489 -0.185124 0.316997 -0.930184 481.857
799.157 -2550.74 -933.489 -0.898947 -0.436503 -0.0368568 481.857
799.157 -2550.74 -933.489 -0.175694 -0.402948 0.898201 481.857
799.157 -2550.74 -933.489 0.424176 -0.273042 0.863436 481.857
799.157 -2550.74 -933.489 0.612446 0.735753 0.289099 481.857
799.157 -2550.74 -933.489 0.281309 -0.0538087 -0.958108 481.857
799.157 -2550.74 -933.489 0.929736 0.0830985 -0.358729 481.857
-134.307 341.364 926.374 -0.892079 -0.414129 -0.180808 487.722
-134.307 341.364 926.374 -0.348445 0.380642 0.856561 487.722
-134.307 341.364 926.374 -0.499859 -0.850985 -0.161141 487.722
-134.307 341.364 926.374 -0.842961 0.171707 0.509837 487.722
-963.937 -1984.48 -1397.2 -0.85533 0.373116 -0.359437 716.99
-963.937 -1984.48 -1397.2 0.205148 -0.588032 -0.782389 716.99
-963.937 -1984.48 -1397.2 -0.586301 0.51708 -0.623602 716.99
-963.937 -1984.48 -1397.2 -0.520223 -0.796723 0.307571 716.99
-963.937 -1984.48 -1397.2 -0.836046 -0.46452 0.291973 716.99
-963.937 -1984.48 -1397.2 -0.489627 0.732808 0.472501 716.99
265.269 2193.47 -221.049 -0.121643 0.900147 0.418257 191.334
265.269 2193.47 -221.049 -0.33713 0.675261 0.656022 191.334
265.269 2193.47 -221.049 -0.265634 -0.251389 -0.930721 191.334
265.269 2193.47 -221.049 0.316636 0.718197 0.619625 191.334
265.269 2193.47 -221.049 -0.569145 0.709376 -0.415764 191.334
119.897 2634.9 -1673.56 -0.362076 -0.663393 0.654837 58.9557
610.978 -2240.25 52.2718 -0.150453 -0.24398 0.958038 335.992
610.978 -2240.25 52.2718 -0.841357 -0.132226 -0.524056 335.992
610.978 -2240.25 52.2718 -0.234743 -0.770254 -0.592962 335.992
176.879 -2957.37 91.4942 0.624682 -0.739935 0.249537 119.167
-828.939 -146.307 427.418 0.622711 0.65688 0.425134 692.79
-828.939 -146.307 427.418 -0.61018 -0.464451 -0.641846 692.79
989.313 -1902.82 -489.916 0.516776 0.74107 0.42867 116.618
989.313 -1902.82 -489.916 -0.0951259 -0.801957 0.589759 116.618
989.313 -1902.82 -489.916 0.844192 -0.399942 -0.356913 116.618
989.313 -1902.82 -489.916 0.628931 0.107179 -0.770038 116.618
989.313 -1902.82 -489.916 0.131641 0.288484 -0.948392 116.618
1002.23 -1451.83 -1240.69 -0.568769 -0.747307 0.343561 401.603
1002.23 -1451.83 -1240.69 0.11948 -0.860912 -0.494526 401.603
1002.23 -1451.83 -1240.69 0.907703 -0.148996 -0.39227 401.603
1002.23 -1451.83 -1240.69 0.58589 -0.646279 -0.488934 401.603
1002.23 -1451.83 -1240.69 -0.295161 0.874753 0.384301 401.603
1002.23 -1451.83 -1240.69 -0.907499 0.308351 -0.285247 401.603
963.198 -1791.75 -852.708 -0.829641 0.0259186 0.557696 898.056
963.198 -1791.75 -852.708 0.757849 0.645044 0.0978916 898.056
963.198 -1791.75 -852.708 -0.31853 -0.946109 0.0584431 898.056
963.198 -1791.75 -852.708 -0.615697 0.454743 -0.643526 898.056
-121.706 228.731 -1746.3 0.0515807 -0.828683 -0.557337 19.7021
-121.706 228.731 -1746.3 0.819277 0.162047 -0.550024 19.7021
-121.706 228.731 -1746.3 0.33226 -0.837179 0.434436 19.7021
-121.706 228.731 -1746.3 -0.9771 -0.0452856 -0.207904 19.7021
-121.706 228.731 -1746.3 0.979245 -0.146301 -0.140266 19.7021
-121.706 228.731 -1746.3 -0.357024 -0.752373 -0.553596 19.7021
954.522 -2335.23 -922.658 0.894974 -0.445661 -0.0201954 136.05
954.522 -2335.23 -922.658 -0.385672 -0.91633 0.107685 136.05
-715.232 835.685 -1173.45 -0.436342 0.803949 -0.40407 478.834
-715.232 835.685 -1173.45 0.782809 0.0757407 -0.617636 478.834
-715.232 835.685 -1173.45 0.149774 -0.97971 0.13318 478.834
-715.232 835.685 -1173.45 -0.953558 0.11003 -0.280395 478.834
-715.232 835.685 -1173.45 -0.963632 -0.0810004 -0.254662 478.834
933.129 -865.737 -620.65 0.721782 -0.384062 0.575783 3214.81
1083.72 310.07 1076.39 -0.0798186 0.561026 0.823941 662.03
1083.72 310.07 1076.39 0.600158 -0.692683 0.4 662.03
1083.72 310.07 1076.39 -0.300776 -0.808261 -0.50621 662.03
1083.72 310.07 1076.39 -0.201789 0.198734 -0.959055 662.03
569.093 -2107.28 -1608.09 -0.51633 -0.468679 0.716758 22.1557
569.093 -2107.28 -1608.09 -0.707381 0.704845 -0.0529742 22.1557
37.9585 2663.71 -225.51 0.364945 0.69217 -0.622669 278.395
37.9585 2663.71 -225.51 -0.819497 -0.464024 0.336313 278.395
37.9585 2663.71 -225.51 0.590028 0.435247 -0.68002 278.395
37.9585 2663.71 -225.51 -0.21754 -0.975836 0.020511 278.395
705.976 1747.94 198.648 -0.0603243 -0.994234 -0.0886508 556.355
705.976 1747.94 198.648 0.453451 0.886517 0.0920287 556.355
705.976 1747.94 198.648 0.574254 -0.0152828 0.818535 556.355
705.976 1747.94 198.648 0.876232 0.230994 -0.422917 556.355
705.976 1747.94 198.648 0.218671 0.484459 -0.847043 556.355
783.616 2434.59 -1451.71 -0.431909 -0.693408 -0.576749 112.237
783.616 2434.59 -1451.71 -0.0854222 0.48562 -0.869987 112.237
783.616 2434.59 -1451.71 0.0963122 0.933017 0.346704 112.237
783.616 2434.59 -1451.71 -0.993102 -0.0401636 0.110162 112.237
-481.046 1920.97 -1143.17 -0.546544 -0.669245 0.503388 745.939
-481.046 1920.97 -1143.17 0.454176 -0.0859566 0.886756 745.939
-481.046 1920.97 -1143.17 0.106122 0.0247223 -0.994046 745.939
-481.046 1920.97 -1143.17 0.00591456 0.901321 0.433111 745.939
-481.046 1920.97 -1143.17 -0.867504 0.222311 0.444988 745.939
659.275 -2308.96 -1735.89 0.476453 -0.711769 -0.516117 24.6737
659.275 -2308.96 -1735.89 0.144022 -0.989291 0.0236717 24.6737
247.534 640.184 -632.694 0.267013 0.0240386 0.963393 90952.9
247.534 640.184 -632.694 -0.423959 -0.327405 0.844432 90952.9
247.534 640.184 -632.694 -0.874097 0.35352 -0.333133 90952.9
-772.404 206.811 -890.998 0.897869 -0.43949 0.0260891 504.974
-772.404 206.811 -890.998 -0.247549 -0.856168 -0.453536 504.974
-772.404 206.811 -890.998 -0.132328 0.920664 0.367243 504.974
-772.404 206.811 -890.998 0.774466 -0.082923 -0.627157 504.974
822.508 -2988.33 -905.563 0.236724 0.923454 -0.301984 67.7151
822.508 -2988.33 -905.563 -0.168173 0.348234 0.922199 67.7151
822.508 -2988.33 -905.563 -0.159266 -0.911398 0.379458 67.7151
-1081.87 -2059.21 -155.339 0.35375 -0.0813263 0.931798 104.07
-1081.87 -2059.21 -155.339 -0.0345866 0.793833 0.607152 104.07
-1081.87 -2059.21 -155.339 -0.675625 0.613823 -0.408353 104.07
789.343 55.2607 -1295.07 -0.21306 -0.637835 0.740116 63.0588
789.343 55.2607 -1295.07 0.114122 0.303885 -0.945849 63.0588
789.343 55.2607 -1295.07 0.635958 0.403992 -0.657531 63.0588
789.343 55.2607 -1295.07 -0.644002 0.611782 -0.45933 63.0588
789.343 55.2607 -1295.07 -0.52022 0.495273 -0.695755 63.0588
-368.807 1813.04 -301.965 -0.203368 -0.95728 0.205563 642.617
-368.807 1813.04 -301.965 -0.0767385 -0.996707 -0.026181 642.617
-368.807 1813.04 -301.965 0.627584 0.699658 -0.341492 642.617
-980.543 -2770.43 -1718.91 -0.330576 0.702202 0.630581 35.9514
-980.543 -2770.43 -1718.91 -0.678081 -0.650628 0.34189 35.9514
-980.543 -2770.43 -1718.91 0.565522 0.693663 -0.446112 35.9514
-980.543 -2770.43 -1718.91 0.624015 0.232236 -0.746104 35.9514
-626.214 456.401 228.213 0.814603 0.570317 -0.105641 308.828
-626.214 456.401 228.213 -0.00185218 0.829375 -0.558689 308.828
-626.214 456.401 228.213 -0.697303 0.716285 0.0265476 308.828
-626.214 456.401 228.213 0.0700444 0.711875 0.698805 308.828
134.09 2575.96 1209.76 -0.544428 0.542679 -0.639608 1156.34
134.09 2575.96 1209.76 0.977165 0.196414 0.0810525 1156.34
134.09 2575.96 1209.76 -0.399961 0.87184 -0.282714 1156.34
134.09 2575.96 1209.76 -0.942743 -0.285296 -0.172748 1156.34
134.09 2575.96 1209.76 0.89913 -0.42337 -0.111012 1156.34
134.09 2575.96 1209.76 0.1863 -0.718664 -0.669936 1156.34
134.09 2575.96 1209.76 -0.385974 -0.590165 0.709034 1156.34
466.681 -2112.38 -1428.12 0.41148 0.245763 0.877659 156.236
466.681 -2112.38 -1428.12 -0.659481 0.149011 0.736804 156.236
466.681 -2112.38 -1428.12 -0.892463 0.434231 -0.122285 156.236
466.681 -2112.38 -1428.12 -0.515185 -0.404475 -0.755635 156.236
466.681 -2112.38 -1428.12 -0.85899 -0.476119 -0.188273 156.236
466.681 -2112.38 -1428.12 0.207439 0.154692 -0.96594 156.236
470.23 2167.86 -52.6832 0.221041 -0.946123 0.236625 1027.2
470.23 2167.86 -52.6832 -0.763024 -0.341901 -0.548542 1027.2
470.23 2167.86 -52.6832 -0.812355 -0.297274 -0.501704 1027.2
470.23 2167.86 -52.6832 0.487371 -0.864151 0.125348 1027.2
470.23 2167.86 -52.6832 -0.801176 -0.362521 -0.476125 1027.2
417.033 2754.03 -1405.21 -0.289116 0.810258 0.509798 188.332
417.033 2754.03 -1405.21 -0.647247 -0.396739 0.650899 188.332
417.033 2754.03 -1405.21 0.206041 -0.978247 -0.0240946 188.332
417.033 2754.03 -1405.21 0.443729 -0.892793 0.0776193 188.332
-492.899 991.629 878.583 -0.864139 -0.316205 -0.391507 304.619
-492.899 991.629 878.583 -0.418857 -0.753322 0.507016 304.619
-492.899 991.629 878.583 -0.507397 0.77375 -0.379288 304.619
-492.899 991.629 878.583 -0.907882 -0.230633 -0.350085 304.619
-492.899 991.629 878.583 -0.34255 -0.397195 -0.851408 304.619
136.037 622.429 -916.582 -0.0304037 -0.96784 0.249721 319.372
136.037 622.429 -916.582 -0.00291317 -0.994613 0.103617 319.372
136.037 622.429 -916.582 -0.106076 -0.139436 0.984533 319.372
136.037 622.429 -916.582 -0.245155 -0.330314 -0.911478 319.372
136.037 622.429 -916.582 -0.533624 -0.0894468 -0.840979 319.372
136.037 622.429 -916.582 -0.458903 0.457296 0.761767 319.372
136.037 622.429 -916.582 0.667874 0.162421 -0.726336 319.372
136.037 622.429 -916.582 0.752385 0.571218 0.328065 319.372
136.037 622.429 -916.582 0.00745128 0.0461821 0.998905 319.372
136.037 622.429 -916.582 0.545652 -0.482368 0.685263 319.372
136.037 622.429 -916.582 -0.33656 -0.788828 0.514274 319.372
405.449 111.824 -1783.32 -0.0932416 0.951182 0.29421 16.0421
405.449 111.824 -1783.32 0.415226 0.698619 0.582683 16.0421
405.449 111.824 -1783.32 0.598842 0.438182 -0.670361 16.0421
405.449 111.824 -1783.32 0.212644 -0.00900666 0.977088 16.0421
405.449 111.824 -1783.32 0.980172 0.0385109 -0.19437 16.0421
-254.567 984.715 -1218.98 0.514943 -0.701378 -0.492851 60.8333
-254.567 984.715 -1218.98 -0.776228 0.170783 -0.60688 60.8333
-254.567 984.715 -1218.98 0.278072 -0.960248 0.0245018 60.8333
-396.599 2540.35 -1196.07 0.754732 0.0884058 -0.650049 162.738
-396.599 2540.35 -1196.07 -0.669403 0.661643 -0.337828 162.738
-396.599 2540.35 -1196.07 0.280328 -0.112248 -0.953319 162.738
-396.599 2540.35 -1196.07 -0.896663 0.442384 0.0170731 162.738
-862.011 -2644.58 -1782.48 0.519744 -0.704701 0.482973 16.9663
-862.011 -2644.58 -1782.48 -0.68462 0.063324 -0.726144 16.9663
-862.011 -2644.58 -1782.48 -0.867998 0.358668 -0.343419 16.9663
-862.011 -2644.58 -1782.48 -0.626319 0.134518 -0.767873 16.9663
-862.011 -2644.58 -1782.48 0.53357 0.833004 -0.14631 16.9663
-862.011 -2644.58 -1782.48 -0.428309 0.14372 0.89213 16.9663
947.106 -849.928 -485.308 -0.335413 0.76568 0.548846 115.605
-727.734 -383.231 -1638.18 -0.736118 0.432116 -0.520967 28.9514
-238.613 -2023.75 -1289.61 0.0912452 0.831498 0.547982 957.802
-238.613 -2023.75 -1289.61 -0.408771 -0.779123 0.475262 957.802
-238.613 -2023.75 -1289.61 0.106914 0.941882 0.318478 957.802
-238.613 -2023.75 -1289.61 -0.325428 -0.932079 -0.15914 957.802
-238.613 -2023.75 -1289.61 0.757249 -0.197462 -0.622561 957.802
767.532 2541.59 -712.147 0.168891 -0.90117 -0.399211 200.413
767.532 2541.59 -712.147 0.773319 0.164251 0.612372 200.413
767.532 2541.59 -712.147 0.319957 -0.625287 -0.711789 200.413
767.532 2541.59 -712.147 0.733891 0.597374 -0.323339 200.413
736.46 -1012.92 -85.7471 -0.0269482 0.232371 0.972254 574.621
736.46 -1012.92 -85.7471 0.974878 -0.0760948 0.20934 574.621
736.46 -1012.92 -85.7471 0.370686 0.770059 0.519232 574.621
736.46 -1012.92 -85.7471 -0.60909 -0.474352 -0.63561 574.621
736.46 -1012.92 -85.7471 -0.401942 -0.782182 0.47606 574.621
-931.906 -884.472 1383.12 0.179389 -0.406034 0.896078 190.403
-931.906 -884.472 1383.12 0.607086 -0.0421254 -0.793519 190.403
996.286 2636.94 -193.229 0.280207 0.526167 0.80289 225.658
996.286 2636.94 -193.229 0.254307 -0.206294 -0.944865 225.658
996.286 2636.94 -193.229 -0.867783 0.0660916 0.492528 225.658
996.286 2636.94 -193.229 0.237945 -0.436783 0.867527 225.658
996.286 2636.94 -193.229 -0.110882 -0.524726 -0.844019 225.658
309.116 -39.1589 -911.61 0.759206 0.632621 0.15296 111.206
309.116 -39.1589 -911.61 0.0908052 0.578653 -0.810503 111.206
309.116 -39.1589 -911.61 0.623398 0.646867 0.439248 111.206
309.116 -39.1589 -911.61 -0.729717 0.102573 -0.676012 111.206
309.116 -39.1589 -911.61 0.408565 0.803163 0.433594 111.206
309.116 -39.1589 -911.61 -0.607028 0.100993 -0.788237 111.206
309.116 -39.1589 -911.61 0.0449262 -0.987599 0.150433 111.206
309.116 -39.1589 -911.61 -0.814524 0.0281713 0.579446 111.206
-1086.98 1808.2 -1041.43 -0.429426 -0.82191 -0.374241 360.025
-1086.98 1808.2 -1041.43 -0.701754 0.330166 0.631293 360.025
-1086.98 1808.2 -1041.43 0.713998 0.240206 -0.657653 360.025
-75.5559 -1036.67 -669.035 0.798991 -0.600932 0.0222149 292.494
-75.5559 -1036.67 -669.035 -0.401543 0.0331447 -0.91524 292.494
-75.5559 -1036.67 -669.035 0.593267 0.176467 0.785426 292.494
691.338 400.652 -1072.56 0.593187 -0.242958 -0.767529 437.439
691.338 400.652 -1072.56 -0.00862946 0.600527 0.799558 437.439
691.338 400.652 -1072.56 0.53268 -0.806252 -0.257313 437.439
906.897 1126.39 1503.13 -0.606807 -0.673983 0.421346 434.908
906.897 1126.39 1503.13 -0.570942 -0.796825 0.197725 434.908
906.897 1126.39 1503.13 -0.449584 0.331848 0.829308 434.908
906.897 1126.39 1503.13 -0.768605 -0.551192 -0.324706 434.908
-463.105 -2002.67 -1035.79 0.631592 -0.148 -0.761043 91.6291
-463.105 -2002.67 -1035.79 -0.79245 -0.342053 -0.504999 91.6291
-463.105 -2002.67 -1035.79 0.619603 0.782855 -0.056829 91.6291
-463.105 -2002.67 -1035.79 0.311511 -0.445026 -0.839591 91.6291
-463.105 -2002.67 -1035.79 -0.154003 0.76757 -0.622189 91.6291
-463.105 -2002.67 -1035.79 0.895919 -0.104785 0.431682 91.6291
769.503 -695.475 -803.477 0.0101897 -0.171249 -0.985175 182.029
769.503 -695.475 -803.477 -0.683333 0.115034 0.720988 182.029
769.503 -695.475 -803.477 -0.75292 0.53495 -0.383327 182.029
769.503 -695.475 -803.477 -0.262341 -0.0954339 0.960244 182.029
769.503 -695.475 -803.477 0.174815 -0.333662 -0.926342 182.029
769.503 -695.475 -803.477 -0.794139 0.305143 -0.525578 182.029
-528.681 -2147.82 -1448.87 0.2874 -0.935943 -0.203496 71.3825
-528.681 -2147.82 -1448.87 0.433927 0.558075 -0.707291 71.3825
-528.681 -2147.82 -1448.87 -0.276018 -0.905145 0.323306 71.3825
-528.681 -2147.82 -1448.87 0.304573 0.912992 -0.271442 71.3825
587.999 314.824 189.084 -0.735371 -0.046821 -0.676046 128.241
587.999 314.824 189.084 0.117445 0.558475 -0.821165 128.241
587.999 314.824 189.084 0.664713 0.654214 -0.360777 128.241
587.999 314.824 189.084 -0.0562496 -0.980806 -0.186698 128.241
587.999 314.824 189.084 -0.396417 0.426934 0.812761 128.241
-374.675 -1190.64 -1075.6 -0.996937 0.0776635 0.00926841 451.722
-374.675 -1190.64 -1075.6 -0.650781 -0.701639 0.290149 451.722
-374.675 -1190.64 -1075.6 0.982664 -0.0683588 0.172332 451.722
-374.675 -1190.64 -1075.6 0.483352 -0.861245 0.156933 451.722
-374.675 -1190.64 -1075.6 -0.276947 0.951168 -0.136307 451.722
-374.675 -1190.64 -1075.6 0.377186 -0.867823 0.323442 451.722
1082.86 649.481 -1493.62 0.889106 0.122741 0.440936 202.869
1082.86 649.481 -1493.62 0.789761 -0.419195 -0.447832 202.869
1082.86 649.481 -1493.62 0.605534 0.241911 0.75816 202.869
994.532 -2968.76 -1635.14 -0.986099 -0.00906309 -0.165914 25.175
-798.528 2752.3 -561.34 -0.893645 0.175625 0.412982 141.165
-798.528 2752.3 -561.34 0.893663 -0.34213 -0.290366 141.165
-798.528 2752.3 -561.34 -0.498138 -0.725462 0.474936 141.165
-963.916 -1428.34 -1575.76 0.978073 0.0344951 -0.205388 62.4835
758.295 1949.49 -1310.03 -0.602902 0.695354 -0.391142 67.7592
587.469 -2942.28 -149.638 0.95017 -0.222912 0.217917 84.2116
587.469 -2942.28 -149.638 -0.660379 -0.573325 0.484973 84.2116
587.469 -2942.28 -149.638 0.754756 0.600219 0.264729 84.2116
148.816 -1231.24 -1064.46 0.78058 -0.0950131 0.617793 166.223
148.816 -1231.24 -1064.46 0.742377 0.261135 -0.616997 166.223
683.491 1314.34 -1647.98 0.383664 0.919759 -0.0827367 218.071
683.491 1314.34 -1647.98 0.87462 0.484535 -0.0162872 218.071
683.491 1314.34 -1647.98 -0.839807 -0.343441 0.420444 218.071
683.491 1314.34 -1647.98 0.0376708 -0.312242 0.949255 218.071
683.491 1314.34 -1647.98 -0.186926 0.507681 0.841022 218.071
683.491 1314.34 -1647.98 -0.212972 -0.961522 0.173545 218.071
434.047 2421.25 -922.551 0.436839 -0.0254405 0.89918 106.062
434.047 2421.25 -922.551 -0.836963 0.289793 0.464234 106.062
434.047 2421.25 -922.551 -0.212673 -0.201568 0.956107 106.062
434.047 2421.25 -922.551 -0.410272 -0.815857 0.407497 106.062
434.047 2421.25 -922.551 0.257664 -0.618759 0.742123 106.062
434.047 2421.25 -922.551 -0.587262 -0.807537 0.0548335 106.062
122.074 -705.409 1151.38 -0.17659 0.862742 0.473805 2577.05
122.074 -705.409 1151.38 0.331672 -0.935254 -0.123667 2577.05
122.074 -705.409 1151.38 -0.145145 0.716327 0.682502 2577.05
122.074 -705.409 1151.38 -0.854622 0.461331 -0.238319 2577.05
433.066 2849.41 -77.4316 0.822787 0.566 -0.0516268 140.547
433.066 2849.41 -77.4316 -0.564742 -0.771917 0.291909 140.547
433.066 2849.41 -77.4316 -0.358662 0.925851 0.119002 140.547
19.5418 -1482.04 -463.652 -0.403061 0.814378 0.417529 276.852
19.5418 -1482.04 -463.652 0.404231 0.0205047 -0.914427 276.852
-1093.67 -1308.06 69.0819 -0.838451 -0.352574 0.415562 316.511
-1093.67 -1308.06 69.0819 -0.901474 0.362117 0.237098 316.511
-1093.67 -1308.06 69.0819 -0.521265 0.0488489 0.851996 316.511
-1093.67 -1308.06 69.0819 -0.159616 -0.868803 -0.468725 316.511
-1093.67 -1308.06 69.0819 0.550577 0.552933 -0.625404 316.511
237.068 2316.7 -365.961 -0.140325 0.475532 0.868435 282.107
237.068 2316.7 -365.961 0.152208 0.171361 -0.97338 282.107
237.068 2316.7 -365.961 -0.75107 -0.519357 -0.40763 282.107
237.068 2316.7 -365.961 -0.33001 -0.919015 0.215651 282.107
237.068 2316.7 -365.961 -0.286365 -0.824413 -0.488199 282.107
-347.141 2172.21 821.455 0.393383 -0.859537 -0.326259 667.197
-347.141 2172.21 821.455 -0.0891216 0.210138 -0.973601 667.197
-347.141 2172.21 821.455 -0.837443 -0.165 -0.521023 667.197
-347.141 2172.21 821.455 -0.919015 0.303508 0.251585 667.197
-347.141 2172.21 821.455 -0.651706 0.669225 0.356956 667.197
-347.141 2172.21 821.455 0.413449 0.908655 0.0583634 667.197
-347.141 2172.21 821.455 -0.644465 0.613037 -0.457001 667.197
-347.141 2172.21 821.455 -0.183946 0.943894 -0.274276 667.197
-347.141 2172.21 821.455 -0.0206745 -0.4876 0.872822 667.197
-347.141 2172.21 821.455 -0.705106 0.433157 0.561427 667.197
571.764 -1270.24 -57.3025 -0.121745 0.509249 0.851965 649.406
571.764 -1270.24 -57.3025 0.518888 0.710552 0.475259 649.406
571.764 -1270.24 -57.3025 0.434309 0.513189 -0.740279 649.406
-179.296 648.617 702.255 0.106004 0.568774 0.815634 974.171
-179.296 648.617 702.255 0.271284 -0.876412 0.397878 974.171
-433.54 2296.3 -1323.25 -0.475045 -0.0281143 -0.879512 252.078
-433.54 2296.3 -1323.25 -0.338529 -0.939332 -0.0552683 252.078
-433.54 2296.3 -1323.25 0.569588 0.196807 -0.79802 252.078
-433.54 2296.3 -1323.25 0.190347 -0.895503 0.402296 252.078
-433.54 2296.3 -1323.25 0.824632 -0.0984786 0.557031 252.078
-433.54 2296.3 -1323.25 0.924709 -0.377291 -0.0506424 252.078
831.241 -1068.12 -1658.52 -0.401315 -0.911977 -0.0851099 43.8046
-561.087 2740.09 -229.291 -0.27064 0.151391 0.950702 275.58
-561.087 2740.09 -229.291 -0.206316 0.917042 -0.341274 275.58
-561.087 2740.09 -229.291 0.0259228 -0.576353 0.816789 275.58
-561.087 2740.09 -229.291 -0.424148 -0.168123 -0.88985 275.58
-561.087 2740.09 -229.291 -0.430896 -0.789392 0.437251 275.58
